1087968824
5668320726
5774879218
6206738406
6385772423
6430376708
6470048512
6516294650
6551708427
6871797284
6877639496
6887716558
6905110557
6961272890
6973845681
7007890230
7011284381
7026500483
7047495519
7140681681
7163177863
7297774591
7447222142
7449584117
7501991279
7684012759
7701893525
7717618145
7746131978
7765948872
7769981300
7771706915
7790040649
7884063143
7886906430
7912035736
7925659120
7930027982
7948344261
7956405932
7984845648
7995441884
8063732917
8256881491
8263912065
8275688350
8306078566
8325017288
8372952974
8386060464
8420314019
8421703910
8451761652
8471071053
8588617587
